x
Center: 4+9.5i
Radius: 9.01387818865997+0i
Ro: 0.874474632195206+0i
