x
Center: 11.0355339059327+26.6421356237309i
Radius: 26.9354855535274+0i
Ro: 0.934052140286812+0i
