x
Center: 15+15i
Radius: 7.07106781186548+0i
Ro: 0.333333333333333+0i
